"","PopID","yr","cyc","rec2","rec3","rec4","rec5","rec","eff","juv","PopNmL","PopSeq","ReturnYear_Rec","Surv","PopID","yr","cyc","rec2","rec3","rec4","rec5","rec","eff","juv","PopNmL","PopSeq","ReturnYear_Rec","Surv"
"1",1,2013,1,NA,4e-06,0.020168,0.00545,0.025618,0.039658,NA,"Early Stuart",1,NA,0.508548086136467,1,2015,3,NA,0,0.003,NA,NA,0.00406,NA,"Early Stuart",1,NA,0.738916256157635
"2",2,2013,1,NA,0.0013,0.216144,0.021638,0.237782,0.070946,NA,"Late Stuart",10,NA,3.04659882163899,2,2015,3,NA,0,0.0095,NA,NA,0.00435,NA,"Late Stuart",10,NA,2.18390804597701
"3",3,2013,1,NA,0.000188,0.109354,0.037909,0.147263,0.05413,NA,"Stellako",12,NA,2.02021060410124,3,2015,3,NA,5.3e-05,0.0275,NA,NA,0.047613,NA,"Stellako",12,NA,0.577573351815681
"4",4,2013,1,NA,0,0.000367,0.000167,0.000534,0.001924,NA,"Bowron",2,NA,0.190748440748441,4,2015,3,NA,0,0.00025,NA,NA,0.002211,NA,"Bowron",2,NA,0.113071008593397
"5",5,2013,1,NA,4e-06,0.002785,0.002539,0.005324,0.009045,NA,"Raft",14,NA,0.307904919845218,5,2015,3,NA,0,0.000167,NA,NA,0.008794,NA,"Raft",14,NA,0.0189902206049579
"6",6,2013,1,NA,0.000287,0.141418,0.005322,0.146741,0.093727,15.426032,"Quesnel",11,NA,1.50882883267362,6,2015,3,NA,0,0.0045,NA,NA,0.025749,6.758494,"Quesnel",11,NA,0.174764068507515
"7",7,2013,1,NA,0.000769,0.435384,0.040615,0.475999,0.624495,NA,"Chilko",9,NA,0.697177719597435,7,2015,3,NA,0.001258,0.132,NA,NA,0.429012,71.006623,"Chilko",9,NA,0.307683701155212
"8",8,2013,1,NA,0,0.004528,0.002825,0.007353,0.013883,NA,"Seymour",8,NA,0.326154289418714,8,2015,3,NA,0,0.003333,NA,NA,0.00396,NA,"Seymour",8,NA,0.841666666666667
"9",9,2013,1,NA,0,0.027943,0,0.027943,0.087946,NA,"Late Shuswap",16,NA,0.317729061014714,9,2015,3,NA,0,0.002,NA,NA,0.003178,NA,"Late Shuswap",16,NA,0.629326620516048
"10",10,2013,1,NA,3.7e-05,0.014138,0.026939,0.041077,0.046794,NA,"Birkenhead",19,NA,0.30213275206223,10,2015,3,NA,1e-05,2e-04,NA,NA,0.026687,NA,"Birkenhead",19,NA,0.00749428560722449
"11",11,2013,1,NA,0.000222,0.000709,2.4e-05,0.000734,0.00052,0.109949,"Cultus",15,NA,1.36346153846154,11,2015,3,NA,0,0.000179,NA,NA,NA,0.028479,"Cultus",15,NA,NA
"12",12,2013,1,NA,0,0.001821,0.000773,0.002595,0.004181,NA,"Portage",17,NA,0.435541736426692,12,2015,3,NA,0,0,NA,NA,1.7e-05,NA,"Portage",17,NA,0
"13",13,2013,1,0,2.6e-05,0.062623,0.030062,0.092685,0.015535,35.881129,"Weaver Creek",18,NA,4.03109108464757,13,2015,3,0,0,0.002321,NA,NA,0.001133,1.805148,"Weaver Creek",18,NA,2.04854368932039
"14",14,2013,1,NA,0,0.000448,0.000366,0.000814,0.001951,NA,"Fennel Creek",3,NA,0.229625832906202,14,2015,3,NA,0,0.000533,NA,NA,0.000946,NA,"Fennel Creek",3,NA,0.563424947145877
"15",15,2013,1,NA,2.9e-05,0.007105,0,0.007105,0.010957,NA,"Scotch Creek",7,NA,0.648443917130601,15,2015,3,NA,0,0.0016,NA,NA,0.003535,NA,"Scotch Creek",7,NA,0.452616690240453
"16",16,2013,1,NA,0.000198,0.008551,0.004452,0.013003,0.023053,15.59,"Gates",4,NA,0.370927861883486,16,2015,3,0,0.000861,0.011862,NA,NA,0.009686,10.04,"Gates",4,NA,1.22465413999587
"17",17,2013,1,NA,0,0.003524,0.006915,0.010439,0.007129,8.439341,"Nadina",5,NA,0.494318978818909,17,2015,3,NA,0,0.00275,NA,NA,0.009411,11.23531,"Nadina",5,NA,0.292211242163426
"18",18,2013,1,NA,0,0.000824,0.025334,0.026158,0.030166,1.952089,"Upper Pitt River",6,NA,0.0273155207849897,18,2015,3,NA,0,0.0015,NA,NA,0.018361,1.83235,"Upper Pitt River",6,NA,0.0816948967921137
"19",19,2013,1,3.1e-05,0.009636,0.066556,0.000113,0.076192,0.078023,NA,"Harrison",13,NA,0.853030516642529,19,2015,3,0,0.002479,0.011,NA,0.013479,0.058297,NA,"Harrison",13,NA,0.188688954834726
"20",NA,2013,NA,NA,NA,992,103,1095,5433,NA,"Chilliwack",8.5,17608,0.182587888827535,NA,2015,NA,NA,NA,3500,NA,NA,2966,NA,"Chilliwack",8.5,9738,1.18004045853001
